0        0.0994975        0
1        0.0883929        0.0394611
2        0.0662207        0.0442948
3        0.0466981        0.0330411
4        0.0330551        0.0220735
5        0.0240291        0.0145808
6        0.0180164        0.00983606
7        0.0139045        0.00683507
8        0.0110061        0.00489433
9        0.00890288       0.00360278
10       0.00733605       0.00271806
11       0.00614144       0.0020954
12       0.0052119        0.0016463
13       0.00447559       0.00131516
14       0.00388311       0.00106616
15       0.00339973       0.000875616
16       0.00300045       0.000727493
17       0.00266703       0.000610714
18       0.00238583       0.000517471
19       0.00214657       0.000442161
20       0.00194137       0.000380697
21       0.00176408       0.000330057
22       0.00160989       0.000287971
23       0.00147497       0.000252714
24       0.00135626       0.000222962
25       0.00125126       0.000197685
26       0.00115796       0.000176075
27       0.00107469       0.000157493
28       0.00100005       0.000141428
29       0.000932906      0.00012747
30       0.000872285      0.000115285
31       0.000817371      0.000104601
32       0.000767472      9.5194e-05
33       0.000721995      8.68795e-05
34       0.000680436      7.95038e-05
35       0.000642357      7.29382e-05
36       0.000607381      6.70748e-05
37       0.00057518       6.18222e-05
38       0.00054547       5.71031e-05
39       0.000517999      5.28515e-05
40       0.00049255       4.90111e-05
41       0.000468928      4.55334e-05
42       0.000446963      4.23767e-05
43       0.000426504      3.95047e-05
44       0.000407416      3.68861e-05
45       0.00038958       3.44937e-05
46       0.000372888      3.23036e-05
47       0.000357246      3.02947e-05
48       0.000342566      2.84489e-05
49       0.000328773      2.67499e-05
50       0.000315795      2.51834e-05
51       0.000303569      2.37367e-05
52       0.00029204       2.23987e-05
53       0.000281154      2.11592e-05
54       0.000270866      2.00095e-05
55       0.000261131      1.89415e-05
56       0.000251912      1.79481e-05
57       0.000243172      1.7023e-05
58       0.000234878      1.61603e-05
59       0.000227002      1.53548e-05
60       0.000219515      1.4602e-05
61       0.000212392      1.38976e-05
62       0.00020561       1.32377e-05
63       0.000199147      1.2619e-05
64       0.000192984      1.20381e-05
65       0.000187103      1.14924e-05
66       0.000181487      1.09791e-05
67       0.000176119      1.0496e-05
68       0.000170986      1.00407e-05
69       0.000166074      9.61141e-06
70       0.000161371      9.20622e-06
71       0.000156864      8.82348e-06
72       0.000152544      8.46165e-06
73       0.000148399      8.11933e-06
74       0.000144421      7.79522e-06
75       0.000140601      7.48813e-06
76       0.00013693       7.19695e-06
77       0.000133402      6.92066e-06
78       0.000130007      6.65834e-06
79       0.000126741      6.4091e-06
80       0.000123596      6.17214e-06
81       0.000120567      5.94671e-06
82       0.000117648      5.73213e-06
83       0.000114833      5.52774e-06
84       0.000112118      5.33296e-06
85       0.000109499      5.14721e-06
86       0.00010697       4.96999e-06
87       0.000104527      4.80081e-06
88       0.000102168      4.63922e-06
89       9.9887e-05       4.4848e-06
90       9.76818e-05      4.33715e-06
91       9.55488e-05      4.19591e-06
92       9.34849e-05      4.06074e-06
93       9.14871e-05      3.93131e-06
94       8.95526e-05      3.80732e-06
95       8.76789e-05      3.68849e-06
96       8.58633e-05      3.57455e-06
97       8.41036e-05      3.46526e-06
98       8.23973e-05      3.36037e-06
99       8.07425e-05      3.25968e-06
