0.9177448653192222
0.903895869062188
0.8903002380380641
0.876351110825466
0.8617720586599834
0.8464179499288738
0.8302138955883539
0.8131239977203066
0.7951417983154994
0.776281042653816
0.7565728855817583
0.7360607792683872
0.7148020164722696
0.6928625959110248
0.9337664700782492
0.9629306035093913
0.9626828995603978
0.9623538478156404
0.9619548785759321
0.96149682843587
0.9609900989831164
0.9604441797938511
0.9598680801930873
0.9592697113788744
0.958656088825442
0.9580336520929581
0.9574077760654398
0.9567831391862782
0.9561637248226454
0.9337664700782492
0.9019836144496515
0.9046270603239402
0.9071091458151113
0.9094417629854801
0.9116358045693999
0.9137007831218107
0.9156460137058323
0.91747965500639
0.9192096529113449
0.9208428536579629
0.9223858652505998
0.9238445301989163
0.9252247195618799
0.9265310570117539
0.9277687525831776
0.9289418076506719
0.9300545052074113
0.9311107150389061
0.9321136993763712
0.9337664700782492
0.9330960747062464
0.9331243783720251
0.933151577159839
0.9331777341583917
0.9332028882866407
0.9332270912024826
0.9332504015932482
0.9332728562051046
0.933294454095079
0.9333152866339565
0.9333353573502702
0.9333547251098834
0.9333733822187168
0.9333913967651092
0.9334087838904397
0.9334255666246372
0.9334417754140657
0.9334574298133909
0.9334725557977536
0.9334871752175232
0.9335013053098913
0.9335149692709658
0.9335281867943629
0.933540970929743
0.9335533422548126
0.9335653192644087
0.9335769102790166
0.9335881341167165
0.9335990054803966
0.9336095353956484
0.9336197567105146
0.9336296391627992
0.9336392047928121
0.9336484958590445
0.9336575226596058
0.9336662571226326
0.9336747371183058
0.9336829416778629
0.9336909279552071
0.9336986635875073
0.9337062018227807
0.9337134812283638
0.9337205812734312
0.9337274662072541
0.9337341422597798
0.933740631095835
0.9337469504810754
0.9337530786691756
0.9337590959869333
